11111111111111111111111111111111111111111111111111
10000000000000000000000000000000000000000000000001
10000000000000000000000000000000000000000000000001
10000000000000000000000000000000000000000000000001
10000000000000000000000000000000000000000000000001
10000000000000000000000000000000000000000000000001
10000000000000000000000000000000000000000000000001
10000000000000000000000000000000000000000000000001
10000000000000000000000000000000000000000000000001
10000000000000000000000000000000000000000000000001
10000000000000100000000000000000010000000000000001
10000000000001000000000000000000001000000000000001
10000000000010000000000000000000000100000000000001
10000000000100000000000000000000000010000000000001
10000000001000111111111111111111110001000000000001
10000000010000000000000000000000000000100000000001
10000000100000000000000000000000000000010000000001
10000000000000000000000000000000000000000000000001
10000000000000000000000000000000000000000000000001
10000000000000000000000000000000000000000000000001
10000000000000000000000000000000000000000000000001
10000000000000000000000000000000000000000000000001
10000000000000000000000000000000000000000000000001
10000000000000011111111111111111100000000000000001
10000000000000010000001111100000100000000000000001
10000000000000010000001000100000100000000000000001
10000000000000010000001101100000100000000000000001
10000000000000010000000000000000100000000000000001
10000000000000011111111011111111100000000000000001
10000000000000000000000000000000000000000000000001
10111111111111111111111111111111111111111111111101
10000000000000000000000000000000000000000000000001
10111111111111111111111111111111111111111111111101
10000000000000000000000000000000000000000000000001
10111111111111111111111111111111111111111111111101
10000000000000000000000000000000000000000000000001
10111111111111111111111111111111111111111111111101
10000000000000000000000000000000000000000000000001
10111111111111111111111111111111111111111111111101
10000000000000000000000000000000000000000000000001
10111111111111111111111111111111111111111111111101
10000000000000000000000000000000000000000000000001
10111111111111111111111111111111111111111111111101
10000000000000000000000000000000000000000000000001
10111111111111111111111111111111111111111111111101
10000000000000000000000000000000000000000000000001
10111111111111111111111111111111111111111111111101
10000000000000000000000000000000000000000000000001
10000000000000000000000000000000000000000000000001
11111111111111111111111111111111111111111111111111